1880.0417  -181.4    24.2
1880.1250  -169.5    24.2
1880.2083  -162.7    24.2
1880.2917  -156.6    24.2
1880.3750  -157.1    24.2
1880.4583  -158.0    24.2
1880.5417  -158.0    24.2
1880.6250  -160.2    24.2
1880.7083  -157.3    24.2
1880.7917  -148.7    24.2
1880.8750  -142.9    24.2
1880.9583  -133.1    24.2
1881.0417  -134.8    24.2
1881.1250  -137.6    24.2
1881.2083  -143.6    24.2
1881.2917  -149.5    24.2
1881.3750  -150.6    24.2
1881.4583  -152.6    24.2
1881.5417  -146.1    24.2
1881.6250  -149.8    24.2
1881.7083  -154.4    24.2
1881.7917  -163.9    24.2
1881.8750  -166.3    24.2
1881.9583  -168.3    24.2
1882.0417  -166.2    24.2
1882.1250  -160.4    22.9
1882.2083  -157.2    22.9
1882.2917  -159.0    22.9
1882.3750  -162.9    22.9
1882.4583  -163.6    22.9
1882.5417  -165.7    22.9
1882.6250  -167.4    22.9
1882.7083  -173.3    22.9
1882.7917  -179.9    22.9
1882.8750  -180.9    22.9
1882.9583  -182.9    22.9
1883.0417  -178.3    22.8
1883.1250  -178.4    22.8
1883.2083  -170.8    22.8
1883.2917  -170.7    22.8
1883.3750  -162.4    22.8
1883.4583  -162.0    22.8
1883.5417  -159.5    22.8
1883.6250  -160.4    22.8
1883.7083  -157.7    22.8
1883.7917  -156.6    22.8
1883.8750  -151.6    22.8
1883.9583  -147.5    22.8
1884.0417  -140.9    22.2
1884.1250  -137.9    22.2
1884.2083  -135.4    22.2
1884.2917  -133.6    22.2
1884.3750  -134.4    22.2
1884.4583  -138.4    22.2
1884.5417  -141.7    22.2
1884.6250  -145.2    22.2
1884.7083  -148.8    22.2
1884.7917  -148.8    22.2
1884.8750  -152.4    22.2
1884.9583  -148.3    22.2
1885.0417  -151.5    22.2
1885.1250  -146.7    21.9
1885.2083  -143.7    21.9
1885.2917  -141.1    21.9
1885.3750  -141.5    21.9
1885.4583  -141.1    21.9
1885.5417  -146.8    21.9
1885.6250  -141.6    21.9
1885.7083  -144.9    21.9
1885.7917  -139.6    21.9
1885.8750  -141.7    21.9
1885.9583  -143.5    21.9
1886.0417  -145.7    20.8
1886.1250  -150.6    20.8
1886.2083  -145.2    20.8
1886.2917  -140.4    20.8
1886.3750  -133.1    20.8
1886.4583  -133.8    20.8
1886.5417  -139.2    20.8
1886.6250  -146.1    20.8
1886.7083  -153.5    20.8
1886.7917  -153.6    20.8
1886.8750  -156.3    20.8
1886.9583  -154.2    20.8
1887.0417  -160.6    20.7
1887.1250  -164.2    20.7
1887.2083  -161.3    20.8
1887.2917  -157.2    20.8
1887.3750  -150.3    20.8
1887.4583  -145.5    20.8
1887.5417  -145.7    20.8
1887.6250  -145.9    20.8
1887.7083  -149.0    20.8
1887.7917  -145.9    20.8
1887.8750  -147.2    20.8
1887.9583  -146.4    20.8
1888.0417  -153.7    20.8
1888.1250  -154.0    20.8
1888.2083  -153.4    20.8
1888.2917  -153.6    20.8
1888.3750  -152.6    20.8
1888.4583  -150.0    20.8
1888.5417  -147.4    20.8
1888.6250  -146.9    20.8
1888.7083  -149.9    20.8
1888.7917  -143.4    20.8
1888.8750  -144.4    20.8
1888.9583  -144.4    20.8
1889.0417  -149.5    20.8
1889.1250  -145.8    20.8
1889.2083  -142.7    20.7
1889.2917  -143.4    20.7
1889.3750  -144.3    20.7
1889.4583  -144.2    20.7
1889.5417  -145.4    20.7
1889.6250  -146.0    20.7
1889.7083  -149.7    20.7
1889.7917  -152.2    20.7
1889.8750  -156.0    20.7
1889.9583  -155.6    20.7
1890.0417  -150.7    20.7
1890.1250  -149.8    20.7
1890.2083  -138.4    20.7
1890.2917  -136.5    20.7
1890.3750  -133.7    20.7
1890.4583  -138.6    20.7
1890.5417  -142.6    20.7
1890.6250  -146.2    20.7
1890.7083  -147.8    20.7
1890.7917  -150.2    20.7
1890.8750  -154.3    20.7
1890.9583  -162.3    20.7
1891.0417  -161.3    20.7
1891.1250  -162.3    20.7
1891.2083  -146.5    20.7
1891.2917  -149.2    20.7
1891.3750  -143.8    20.7
1891.4583  -146.8    20.7
1891.5417  -142.2    20.7
1891.6250  -140.6    20.7
1891.7083  -141.6    20.7
1891.7917  -142.9    20.7
1891.8750  -146.6    20.7
1891.9583  -147.2    20.7
1892.0417  -144.2    20.7
1892.1250  -137.7    20.7
1892.2083  -138.2    20.7
1892.2917  -137.0    20.7
1892.3750  -141.5    20.7
1892.4583  -140.0    20.7
1892.5417  -144.2    20.7
1892.6250  -145.0    20.7
1892.7083  -150.1    20.7
1892.7917  -149.9    20.7
1892.8750  -154.7    20.7
1892.9583  -150.8    20.7
1893.0417  -145.9    20.2
1893.1250  -142.2    20.2
1893.2083  -135.1    20.2
1893.2917  -136.3    20.2
1893.3750  -137.6    20.2
1893.4583  -138.9    20.2
1893.5417  -139.1    20.2
1893.6250  -137.4    20.2
1893.7083  -137.4    20.2
1893.7917  -139.0    20.2
1893.8750  -143.5    20.2
1893.9583  -144.0    21.6
1894.0417  -146.8    21.6
1894.1250  -145.9    21.6
1894.2083  -148.3    21.6
1894.2917  -147.3    21.6
1894.3750  -150.5    21.6
1894.4583  -151.1    21.6
1894.5417  -152.9    21.6
1894.6250  -153.1    21.6
1894.7083  -156.0    21.6
1894.7917  -151.7    21.6
1894.8750  -149.8    21.6
1894.9583  -139.2    21.6
1895.0417  -137.3    21.6
1895.1250  -133.3    21.6
1895.2083  -138.4    21.6
1895.2917  -139.8    21.6
1895.3750  -146.4    21.6
1895.4583  -140.7    21.6
1895.5417  -139.4    21.6
1895.6250  -135.8    21.6
1895.7083  -137.8    21.6
1895.7917  -130.7    21.6
1895.8750  -134.2    21.6
1895.9583  -137.2    21.6
1896.0417  -146.8    21.6
1896.1250  -156.8    21.5
1896.2083  -153.8    21.5
1896.2917  -148.8    21.5
1896.3750  -142.5    21.5
1896.4583  -133.7    21.1
1896.5417  -136.4    21.1
1896.6250  -137.3    20.9
1896.7083  -142.6    20.9
1896.7917  -145.3    20.9
1896.8750  -148.1    20.9
1896.9583  -150.5    20.9
1897.0417  -147.9    20.8
1897.1250  -148.2    20.8
1897.2083  -142.3    20.8
1897.2917  -140.6    20.8
1897.3750  -131.0    20.8
1897.4583  -129.2    20.3
1897.5417  -125.5    20.3
1897.6250  -128.2    21.0
1897.7083  -134.9    21.0
1897.7917  -141.9    21.0
1897.8750  -156.5    21.0
1897.9583  -153.9    21.0
1898.0417  -147.4    19.7
1898.1250  -132.9    19.7
1898.2083  -125.0    19.7
1898.2917  -123.3    19.7
1898.3750  -122.0    19.7
1898.4583  -128.1    19.7
1898.5417  -131.8    19.7
1898.6250  -137.9    19.7
1898.7083  -135.8    19.7
1898.7917  -130.7    19.7
1898.8750  -126.8    19.7
1898.9583  -125.7    19.7
1899.0417  -125.1    19.4
1899.1250  -127.4    19.4
1899.2083  -126.4    19.4
1899.2917  -123.4    19.4
1899.3750  -126.3    19.4
1899.4583  -127.0    19.4
1899.5417  -130.3    19.4
1899.6250  -124.2    19.4
1899.7083  -118.5    19.4
1899.7917  -112.7    19.4
1899.8750  -115.5    19.4
1899.9583  -120.9    19.4
1900.0417  -127.3    18.3
1900.1250  -129.2    18.3
1900.2083  -127.9    18.3
1900.2917  -128.2    18.3
1900.3750  -125.7    18.3
1900.4583  -126.6    18.3
1900.5417  -128.9    18.3
1900.6250  -127.1    18.3
1900.7083  -133.5    18.3
1900.7917  -128.6    18.3
1900.8750  -130.5    18.3
1900.9583  -128.5    18.3
1901.0417  -131.2    18.3
1901.1250  -133.1    18.3
1901.2083  -133.4    17.4
1901.2917  -129.4    17.4
1901.3750  -133.4    17.4
1901.4583  -132.1    17.4
1901.5417  -134.6    17.4
1901.6250  -129.4    17.4
1901.7083  -125.4    17.4
1901.7917  -122.5    17.4
1901.8750  -121.0    17.4
1901.9583  -121.7    17.5
1902.0417  -121.0    17.4
1902.1250  -120.5    17.4
1902.2083  -121.7    17.4
1902.2917  -126.4    17.4
1902.3750  -130.7    17.4
1902.4583  -131.3    17.4
1902.5417  -130.1    17.3
1902.6250  -126.2    17.3
1902.7083  -122.8    17.3
1902.7917  -120.2    17.3
1902.8750  -119.7    17.3
1902.9583  -121.2    17.3
1903.0417  -119.6    17.0
1903.1250  -120.1    17.0
1903.2083  -113.4    17.0
1903.2917  -108.7    17.0
1903.3750  -108.2    17.0
1903.4583  -109.0    17.0
1903.5417  -114.6    17.0
1903.6250  -117.9    17.0
1903.7083  -122.0    17.0
1903.7917  -119.0    17.0
1903.8750  -122.6    16.7
1903.9583  -119.9    17.1
1904.0417  -124.3    17.1
1904.1250  -116.6    17.1
1904.2083  -121.3    17.1
1904.2917  -121.7    17.1
1904.3750  -126.7    16.8
1904.4583  -125.0    16.8
1904.5417  -128.6    16.8
1904.6250  -129.6    16.8
1904.7083  -131.0    16.8
1904.7917  -130.0    16.8
1904.8750  -130.7    16.8
1904.9583  -133.2    16.8
1905.0417  -136.4    15.4
1905.1250  -138.5    15.4
1905.2083  -138.0    15.4
1905.2917  -136.5    15.4
1905.3750  -134.4    15.4
1905.4583  -132.8    15.4
1905.5417  -130.4    15.4
1905.6250  -126.5    15.4
1905.7083  -123.8    15.4
1905.7917  -126.0    15.4
1905.8750  -129.1    15.4
1905.9583  -133.2    15.4
1906.0417  -130.2    14.7
1906.1250  -127.9    14.7
1906.2083  -126.5    14.7
1906.2917  -127.3    14.7
1906.3750  -123.9    14.7
1906.4583  -122.5    14.7
1906.5417  -120.7    14.7
1906.6250  -123.8    14.7
1906.7083  -123.3    14.7
1906.7917  -124.1    14.7
1906.8750  -126.0    14.7
1906.9583  -127.2    14.9
1907.0417  -127.9    14.9
1907.1250  -124.8    14.9
1907.2083  -123.6    14.9
1907.2917  -121.2    14.9
1907.3750  -123.5    14.9
1907.4583  -121.6    14.9
1907.5417  -124.8    14.9
1907.6250  -122.2    14.9
1907.7083  -130.1    14.9
1907.7917  -131.5    14.9
1907.8750  -136.0    14.9
1907.9583  -132.9    14.9
1908.0417  -129.5    14.5
1908.1250  -127.5    14.5
1908.2083  -127.6    14.5
1908.2917  -129.8    14.5
1908.3750  -130.9    14.5
1908.4583  -126.3    14.5
1908.5417  -125.7    14.5
1908.6250  -123.3    14.5
1908.7083  -128.5    14.5
1908.7917  -132.7    14.3
1908.8750  -134.7    14.3
1908.9583  -133.8    14.3
1909.0417  -126.1    14.3
1909.1250  -123.5    14.3
1909.2083  -119.0    14.3
1909.2917  -121.8    14.3
1909.3750  -124.6    14.3
1909.4583  -129.2    14.3
1909.5417  -127.4    14.3
1909.6250  -128.2    14.3
1909.7083  -124.7    15.1
1909.7917  -124.8    15.1
1909.8750  -122.9    15.1
1909.9583  -124.3    15.1
1910.0417  -125.7    15.1
1910.1250  -129.0    15.1
1910.2083  -128.3    14.9
1910.2917  -127.9    14.9
1910.3750  -123.1    14.9
1910.4583  -122.4    14.9
1910.5417  -120.2    14.9
1910.6250  -122.8    14.1
1910.7083  -122.8    14.1
1910.7917  -124.8    14.1
1910.8750  -125.0    14.1
1910.9583  -125.8    14.3
1911.0417  -125.8    14.3
1911.1250  -122.3    14.3
1911.2083  -119.5    14.3
1911.2917  -119.0    14.3
1911.3750  -120.2    14.3
1911.4583  -119.6    14.3
1911.5417  -118.5    14.1
1911.6250  -112.5    14.1
1911.7083  -109.6    14.0
1911.7917  -106.5    14.0
1911.8750  -111.1    14.0
1911.9583  -112.9    14.1
1912.0417  -120.3    14.1
1912.1250  -122.1    14.1
1912.2083  -125.6    14.1
1912.2917  -125.5    14.1
1912.3750  -124.4    14.1
1912.4583  -119.1    14.1
1912.5417  -118.3    14.1
1912.6250  -117.0    14.2
1912.7083  -117.5    14.2
1912.7917  -117.1    14.4
1912.8750  -115.1    14.4
1912.9583  -112.8    14.3
1913.0417  -118.2    14.3
1913.1250  -121.6    14.0
1913.2083  -126.6    14.0
1913.2917  -126.1    14.0
1913.3750  -124.4    14.0
1913.4583  -119.1    14.0
1913.5417  -115.6    14.0
1913.6250  -112.7    14.0
1913.7083  -112.4    14.0
1913.7917  -113.2    14.0
1913.8750  -109.2    14.0
1913.9583  -114.4    14.2
1914.0417  -109.3    14.2
1914.1250  -115.4    14.2
1914.2083  -113.7    14.2
1914.2917  -116.5    13.7
1914.3750  -115.2    13.7
1914.4583  -118.3    13.7
1914.5417  -118.1    13.7
1914.6250  -120.9    13.7
1914.7083  -115.4    13.7
1914.7917  -110.2    13.7
1914.8750   -97.4    13.7
1914.9583   -87.0    13.7
1915.0417   -82.1    13.6
1915.1250   -83.6    13.6
1915.2083   -91.5    13.6
1915.2917  -100.7    13.6
1915.3750  -106.9    13.6
1915.4583  -109.5    13.6
1915.5417  -112.0    13.6
1915.6250  -112.8    13.6
1915.7083  -113.8    13.6
1915.7917  -113.6    13.6
1915.8750  -108.1    13.6
1915.9583  -108.4    13.8
1916.0417  -102.1    13.0
1916.1250  -104.7    13.0
1916.2083   -99.5    13.0
1916.2917  -102.5    13.0
1916.3750  -101.2    12.9
1916.4583  -106.4    12.9
1916.5417  -110.1    12.9
1916.6250  -114.3    12.9
1916.7083  -112.0    12.9
1916.7917  -110.1    13.1
1916.8750  -102.2    13.1
1916.9583  -101.1    13.1
1917.0417  -101.2    13.0
1917.1250  -107.5    12.8
1917.2083  -110.8    12.8
1917.2917  -114.3    12.8
1917.3750  -113.5    12.8
1917.4583  -112.3    12.8
1917.5417  -108.5    12.8
1917.6250  -109.1    12.8
1917.7083  -109.9    12.8
1917.7917  -111.5    12.8
1917.8750  -112.1    12.8
1917.9583  -109.7    12.8
1918.0417  -108.1    12.7
1918.1250  -111.9    12.7
1918.2083  -113.6    12.7
1918.2917  -115.5    12.7
1918.3750  -113.0    12.7
1918.4583  -111.1    12.7
1918.5417  -110.5    12.7
1918.6250  -112.0    12.7
1918.7083  -108.3    12.7
1918.7917  -110.4    12.7
1918.8750  -110.2    12.7
1918.9583  -114.8    12.7
1919.0417  -116.5    12.6
1919.1250  -118.3    12.6
1919.2083  -116.7    12.7
1919.2917  -113.8    12.7
1919.3750  -111.1    12.7
1919.4583  -104.6    12.7
1919.5417  -105.4    12.7
1919.6250  -101.9    12.7
1919.7083  -103.6    12.7
1919.7917  -106.9    12.6
1919.8750  -108.3    12.6
1919.9583  -112.8    13.0
1920.0417  -113.3    13.0
1920.1250  -115.3    13.0
1920.2083  -114.6    13.0
1920.2917  -110.5    13.0
1920.3750  -105.8    13.0
1920.4583  -102.0    13.0
1920.5417  -101.6    13.0
1920.6250  -104.4    13.0
1920.7083  -108.0    13.0
1920.7917  -109.2    13.0
1920.8750  -110.6    13.0
1920.9583  -108.5    13.3
1921.0417  -108.4    13.1
1921.1250  -105.3    13.1
1921.2083  -103.9    13.1
1921.2917  -102.5    13.1
1921.3750  -100.5    13.1
1921.4583  -101.9    13.1
1921.5417  -103.5    13.1
1921.6250  -109.7    13.1
1921.7083  -112.6    13.1
1921.7917  -111.5    13.1
1921.8750  -112.0    13.1
1921.9583  -107.8    13.1
1922.0417  -109.4    13.1
1922.1250  -105.1    13.1
1922.2083  -106.4    13.1
1922.2917  -105.4    13.1
1922.3750  -104.3    13.1
1922.4583  -104.6    13.2
1922.5417  -109.7    13.2
1922.6250  -113.1    13.2
1922.7083  -114.8    13.2
1922.7917  -110.9    13.2
1922.8750  -105.0    13.2
1922.9583  -101.6    13.3
1923.0417  -103.0    13.0
1923.1250  -107.6    13.0
1923.2083  -106.3    13.0
1923.2917  -102.0    13.0
1923.3750   -97.7    12.9
1923.4583  -100.3    12.9
1923.5417  -105.9    12.9
1923.6250  -108.9    12.9
1923.7083  -108.9    12.9
1923.7917  -108.1    12.9
1923.8750  -112.3    12.9
1923.9583  -115.1    13.0
1924.0417  -116.4    13.0
1924.1250  -111.1    13.0
1924.2083  -111.8    13.0
1924.2917  -110.2    13.0
1924.3750  -113.6    13.0
1924.4583  -113.7    13.1
1924.5417  -115.2    13.1
1924.6250  -114.5    13.1
1924.7083  -114.0    13.2
1924.7917  -114.1    13.2
1924.8750  -115.4    13.0
1924.9583  -113.6    13.6
1925.0417  -110.7    13.6
1925.1250  -109.0    13.6
1925.2083  -110.9    13.6
1925.2917  -113.7    13.6
1925.3750  -113.2    13.6
1925.4583  -113.4    13.6
1925.5417  -113.7    13.6
1925.6250  -114.7    13.6
1925.7083  -113.4    13.6
1925.7917  -111.3    13.6
1925.8750  -109.3    13.6
1925.9583  -105.8    14.2
1926.0417  -109.7    14.1
1926.1250  -110.6    14.1
1926.2083  -113.8    13.7
1926.2917  -110.7    13.7
1926.3750  -108.7    13.7
1926.4583  -106.1    13.7
1926.5417  -102.9    13.6
1926.6250   -96.3    13.6
1926.7083   -95.6    13.6
1926.7917   -94.7    13.6
1926.8750  -104.2    13.6
1926.9583  -107.8    13.6
1927.0417  -111.8    13.2
1927.1250  -107.5    13.2
1927.2083  -105.6    13.2
1927.2917  -103.3    13.2
1927.3750  -103.7    13.1
1927.4583  -102.9    13.1
1927.5417  -104.7    13.1
1927.6250  -102.1    12.5
1927.7083  -108.0    12.5
1927.7917  -105.3    12.5
1927.8750  -109.1    12.5
1927.9583  -109.9    12.5
1928.0417  -116.1    12.5
1928.1250  -116.0    12.4
1928.2083  -114.1    12.3
1928.2917  -108.8    12.3
1928.3750  -107.3    12.3
1928.4583  -104.7    12.3
1928.5417  -104.4    12.3
1928.6250  -104.0    12.3
1928.7083  -104.5    12.3
1928.7917  -109.6    12.3
1928.8750  -114.0    12.3
1928.9583  -117.1    12.3
1929.0417  -119.2    12.3
1929.1250  -114.2    12.4
1929.2083  -111.7    12.4
1929.2917  -105.8    12.1
1929.3750  -108.3    12.1
1929.4583  -104.5    12.1
1929.5417  -104.4    12.1
1929.6250  -104.8    12.1
1929.7083  -105.4    12.1
1929.7917  -107.8    12.1
1929.8750  -107.6    12.1
1929.9583  -110.5    12.1
1930.0417  -109.2    12.0
1930.1250  -110.7    12.0
1930.2083  -110.7    12.0
1930.2917  -112.7    11.9
1930.3750  -111.1    11.9
1930.4583  -104.1    11.9
1930.5417   -96.6    11.9
1930.6250   -94.5    11.9
1930.7083   -96.9    11.9
1930.7917   -99.9    11.9
1930.8750  -104.0    11.9
1930.9583  -106.2    12.2
1931.0417  -105.3    12.2
1931.1250  -107.5    12.2
1931.2083  -105.0    12.2
1931.2917  -106.9    12.2
1931.3750  -104.8    12.2
1931.4583  -104.3    12.2
1931.5417  -100.3    12.2
1931.6250  -102.1    12.2
1931.7083  -104.4    12.2
1931.7917  -107.4    12.2
1931.8750  -108.3    12.2
1931.9583  -104.9    12.2
1932.0417  -102.5    11.9
1932.1250   -99.2    11.9
1932.2083  -100.2    11.9
1932.2917   -98.9    11.9
1932.3750  -100.6    11.9
1932.4583  -100.7    11.9
1932.5417   -99.9    11.9
1932.6250  -101.3    11.9
1932.7083   -98.7    11.9
1932.7917   -99.1    11.9
1932.8750   -96.6    11.8
1932.9583   -95.5    11.9
1933.0417   -92.2    11.8
1933.1250   -91.4    11.8
1933.2083   -90.8    11.8
1933.2917   -91.0    11.8
1933.3750   -93.6    11.8
1933.4583   -92.9    11.8
1933.5417   -97.4    11.8
1933.6250   -96.1    11.8
1933.7083   -97.4    11.8
1933.7917   -97.1    11.7
1933.8750  -100.6    11.7
1933.9583  -100.6    12.0
1934.0417   -99.9    11.9
1934.1250   -97.5    11.8
1934.2083   -95.1    11.8
1934.2917   -96.2    11.8
1934.3750   -97.1    11.8
1934.4583  -101.1    11.8
1934.5417  -101.7    11.8
1934.6250  -105.7    11.8
1934.7083  -104.2    11.8
1934.7917  -106.9    11.8
1934.8750  -101.0    11.8
1934.9583   -98.9    12.0
1935.0417   -93.9    12.0
1935.1250   -91.7    12.0
1935.2083   -91.3    12.0
1935.2917   -90.1    12.0
1935.3750   -93.4    11.8
1935.4583   -92.7    11.8
1935.5417   -93.7    11.8
1935.6250   -94.5    11.8
1935.7083   -96.8    11.8
1935.7917   -99.7    11.8
1935.8750  -101.2    11.8
1935.9583   -99.4    11.8
1936.0417   -95.5    11.7
1936.1250   -93.1    11.7
1936.2083   -97.6    11.7
1936.2917  -100.9    11.7
1936.3750  -102.8    11.8
1936.4583  -100.3    11.8
1936.5417  -101.3    11.8
1936.6250   -99.3    11.8
1936.7083  -102.0    11.8
1936.7917   -97.7    11.8
1936.8750   -99.0    11.8
1936.9583   -96.0    11.9
1937.0417   -97.3    11.8
1937.1250   -92.3    11.8
1937.2083   -93.9    11.8
1937.2917   -91.9    11.8
1937.3750   -93.3    11.9
1937.4583   -95.3    11.8
1937.5417   -95.0    11.8
1937.6250   -95.8    11.8
1937.7083   -92.3    11.8
1937.7917   -91.8    11.8
1937.8750   -89.9    11.8
1937.9583   -88.3    11.8
1938.0417   -86.1    11.7
1938.1250   -84.8    11.7
1938.2083   -84.3    11.7
1938.2917   -86.4    11.7
1938.3750   -92.1    11.7
1938.4583   -95.2    11.7
1938.5417   -99.7    11.7
1938.6250   -96.2    11.7
1938.7083   -94.5    11.7
1938.7917   -89.1    11.7
1938.8750   -88.3    11.7
1938.9583   -89.0    12.6
1939.0417   -88.4    12.4
1939.1250   -92.8    12.4
1939.2083   -90.2    12.4
1939.2917   -88.1    12.4
1939.3750   -82.8    12.4
1939.4583   -76.1    12.1
1939.5417   -76.0    12.1
1939.6250   -78.8    12.1
1939.7083   -85.3    12.1
1939.7917   -89.4    12.0
1939.8750   -87.8    12.0
1939.9583   -87.6    12.1
1940.0417   -86.7    11.1
1940.1250   -87.9    11.1
1940.2083   -89.6    11.1
1940.2917   -94.3    11.0
1940.3750   -95.0    11.0
1940.4583   -99.4    11.0
1940.5417   -97.5    11.0
1940.6250   -94.6    11.0
1940.7083   -90.6    11.0
1940.7917   -86.3    11.0
1940.8750   -83.1    11.0
1940.9583   -82.1    11.0
1941.0417   -82.8    10.9
1941.1250   -79.6    10.9
1941.2083   -79.2    10.9
1941.2917   -77.8    10.9
1941.3750   -79.7    10.8
1941.4583   -79.7    10.8
1941.5417   -76.7    10.8
1941.6250   -72.3    10.8
1941.7083   -72.8    10.8
1941.7917   -76.2    10.8
1941.8750   -81.9    10.8
1941.9583   -82.0    10.9
1942.0417   -83.6    10.9
1942.1250   -82.6    10.8
1942.2083   -83.9    10.8
1942.2917   -84.4    10.8
1942.3750   -83.2    10.8
1942.4583   -80.2    10.8
1942.5417   -76.8    10.9
1942.6250   -73.8    10.8
1942.7083   -71.9    10.8
1942.7917   -72.8    10.8
1942.8750   -72.9    10.8
1942.9583   -75.3    10.8
1943.0417   -72.8    10.8
1943.1250   -72.0    10.8
1943.2083   -72.5    10.8
1943.2917   -72.7    10.8
1943.3750   -76.8    10.7
1943.4583   -76.6    10.7
1943.5417   -80.7    10.7
1943.6250   -81.2    10.7
1943.7083   -82.6    10.7
1943.7917   -83.3    10.7
1943.8750   -84.5    10.7
1943.9583   -85.1    11.2
1944.0417   -81.6    10.9
1944.1250   -75.5    10.9
1944.2083   -72.8    10.8
1944.2917   -77.4    10.7
1944.3750   -84.7    10.6
1944.4583   -90.5    10.6
1944.5417   -93.3    10.6
1944.6250   -93.5    10.6
1944.7083   -91.6    10.6
1944.7917   -88.6    10.6
1944.8750   -84.9    10.6
1944.9583   -83.7    10.6
1945.0417   -82.7    10.6
1945.1250   -83.0    10.6
1945.2083   -83.8    10.6
1945.2917   -82.5    10.6
1945.3750   -81.2    10.6
1945.4583   -77.2    10.6
1945.5417   -81.2    10.6
1945.6250   -81.4    10.7
1945.7083   -85.7    10.8
1945.7917   -83.2    10.8
1945.8750   -82.9    10.8
1945.9583   -79.6    11.0
1946.0417   -80.7    10.9
1946.1250   -76.8    10.9
1946.2083   -77.6    10.9
1946.2917   -73.7    10.9
1946.3750   -71.2    10.8
1946.4583   -68.2    10.8
1946.5417   -66.9    10.4
1946.6250   -69.4    10.4
1946.7083   -73.3    10.4
1946.7917   -76.8    10.4
1946.8750   -79.4    10.4
1946.9583   -80.1    10.2
1947.0417   -80.7    10.0
1947.1250   -78.5    10.0
1947.2083   -75.9     9.8
1947.2917   -78.2     9.7
1947.3750   -77.6     9.5
1947.4583   -75.6     9.5
1947.5417   -72.9     9.5
1947.6250   -70.3     9.5
1947.7083   -66.9     9.5
1947.7917   -62.4     9.5
1947.8750   -57.7     9.5
1947.9583   -59.4     9.5
1948.0417   -62.3     9.3
1948.1250   -66.8     9.3
1948.2083   -68.9     9.3
1948.2917   -68.9     9.3
1948.3750   -67.6     9.3
1948.4583   -67.7     9.3
1948.5417   -66.1     9.3
1948.6250   -68.1     9.3
1948.7083   -66.7     9.2
1948.7917   -67.1     9.1
1948.8750   -65.2     9.2
1948.9583   -64.0     9.2
1949.0417   -62.4     8.8
1949.1250   -62.0     8.8
1949.2083   -65.6     8.8
1949.2917   -68.2     8.8
1949.3750   -70.3     8.8
1949.4583   -70.6     8.2
1949.5417   -71.7     8.2
1949.6250   -70.4     8.2
1949.7083   -71.8     8.2
1949.7917   -68.1     8.3
1949.8750   -67.6     8.1
1949.9583   -66.1     8.1
1950.0417   -68.0     8.0
1950.1250   -69.2     7.9
1950.2083   -69.3     7.9
1950.2917   -67.2     7.9
1950.3750   -66.7     7.9
1950.4583   -66.3     7.9
1950.5417   -66.9     7.9
1950.6250   -67.6     7.9
1950.7083   -65.9     7.9
1950.7917   -63.1     7.9
1950.8750   -60.3     7.9
1950.9583   -57.9     7.9
1951.0417   -59.3     7.8
1951.1250   -55.3     7.8
1951.2083   -50.0     7.8
1951.2917   -49.4     7.8
1951.3750   -49.1     7.7
1951.4583   -54.2     7.7
1951.5417   -57.8     7.7
1951.6250   -61.4     7.7
1951.7083   -60.1     7.7
1951.7917   -60.0     7.7
1951.8750   -58.2     7.7
1951.9583   -60.0     7.7
1952.0417   -60.6     7.7
1952.1250   -61.1     7.7
1952.2083   -62.8     7.7
1952.2917   -62.6     7.7
1952.3750   -62.0     7.7
1952.4583   -59.5     7.7
1952.5417   -60.6     7.7
1952.6250   -59.8     7.7
1952.7083   -57.5     7.6
1952.7917   -56.2     7.6
1952.8750   -51.6     7.6
1952.9583   -51.1     7.6
1953.0417   -51.5     7.5
1953.1250   -54.4     7.5
1953.2083   -56.2     7.5
1953.2917   -54.2     7.5
1953.3750   -50.9     7.5
1953.4583   -48.3     7.4
1953.5417   -50.8     7.5
1953.6250   -53.4     7.5
1953.7083   -56.0     7.4
1953.7917   -58.2     7.4
1953.8750   -58.9     7.4
1953.9583   -59.6     7.4
1954.0417   -57.4     7.4
1954.1250   -56.0     7.4
1954.2083   -55.3     7.4
1954.2917   -57.6     7.3
1954.3750   -57.3     7.3
1954.4583   -60.2     7.3
1954.5417   -62.8     7.3
1954.6250   -63.6     7.3
1954.7083   -61.3     7.3
1954.7917   -56.4     7.3
1954.8750   -51.2     7.3
1954.9583   -48.9     7.3
1955.0417   -47.2     7.2
1955.1250   -47.5     7.1
1955.2083   -50.8     7.1
1955.2917   -54.9     7.1
1955.3750   -59.6     7.1
1955.4583   -62.6     7.1
1955.5417   -64.7     7.1
1955.6250   -61.5     7.1
1955.7083   -60.4     7.1
1955.7917   -55.9     7.1
1955.8750   -55.4     7.1
1955.9583   -56.0     7.1
1956.0417   -57.0     7.1
1956.1250   -60.6     7.1
1956.2083   -59.8     7.1
1956.2917   -56.9     7.1
1956.3750   -56.9     7.0
1956.4583   -58.4     7.0
1956.5417   -63.3     7.0
1956.6250   -64.5     7.0
1956.7083   -65.2     7.0
1956.7917   -65.6     7.0
1956.8750   -65.7     7.0
1956.9583   -64.3     7.2
1957.0417   -59.7     7.1
1957.1250   -51.5     7.1
1957.2083   -47.3     7.1
1957.2917   -45.6     7.1
1957.3750   -43.9     7.1
1957.4583   -43.8     7.1
1957.5417   -44.1     6.8
1957.6250   -47.2     6.8
1957.7083   -48.0     6.8
1957.7917   -49.1     6.8
1957.8750   -47.9     6.8
1957.9583   -48.9     6.8
1958.0417   -46.9     6.7
1958.1250   -47.4     6.7
1958.2083   -47.3     6.7
1958.2917   -49.8     6.7
1958.3750   -49.3     6.7
1958.4583   -49.4     6.7
1958.5417   -48.2     6.6
1958.6250   -47.6     6.6
1958.7083   -46.3     6.6
1958.7917   -44.0     6.6
1958.8750   -42.6     6.6
1958.9583   -41.7     6.6
1959.0417   -43.8     6.5
1959.1250   -47.1     6.5
1959.2083   -49.2     6.5
1959.2917   -48.5     6.5
1959.3750   -48.1     6.5
1959.4583   -46.7     6.5
1959.5417   -46.4     6.5
1959.6250   -44.0     6.5
1959.7083   -45.0     6.5
1959.7917   -43.4     6.5
1959.8750   -47.8     6.6
1959.9583   -47.0     6.6
1960.0417   -47.3     6.6
1960.1250   -43.3     6.6
1960.2083   -43.5     6.6
1960.2917   -41.5     6.6
1960.3750   -40.9     6.6
1960.4583   -41.3     6.6
1960.5417   -42.5     6.6
1960.6250   -43.3     6.6
1960.7083   -43.8     6.6
1960.7917   -43.1     6.6
1960.8750   -42.3     6.6
1960.9583   -39.2     6.6
1961.0417   -36.4     6.6
1961.1250   -31.6     6.6
1961.2083   -31.2     6.6
1961.2917   -30.8     6.6
1961.3750   -33.2     6.6
1961.4583   -35.3     6.6
1961.5417   -36.2     6.6
1961.6250   -37.2     6.6
1961.7083   -38.4     6.6
1961.7917   -41.5     6.6
1961.8750   -43.5     6.6
1961.9583   -42.6     6.7
1962.0417   -42.7     6.7
1962.1250   -41.2     6.7
1962.2083   -42.5     6.6
1962.2917   -43.0     6.6
1962.3750   -43.8     6.6
1962.4583   -43.5     6.6
1962.5417   -45.0     6.6
1962.6250   -42.1     6.6
1962.7083   -40.7     6.6
1962.7917   -37.5     6.6
1962.8750   -38.5     6.6
1962.9583   -40.1     6.7
1963.0417   -38.9     6.6
1963.1250   -39.1     6.6
1963.2083   -39.2     6.6
1963.2917   -41.2     6.6
1963.3750   -42.6     6.7
1963.4583   -44.1     6.7
1963.5417   -45.4     6.7
1963.6250   -46.7     6.7
1963.7083   -44.3     6.6
1963.7917   -45.5     6.6
1963.8750   -43.7     6.6
1963.9583   -49.2     6.6
1964.0417   -53.4     6.6
1964.1250   -57.7     6.6
1964.2083   -58.6     6.6
1964.2917   -59.1     6.6
1964.3750   -54.6     6.6
1964.4583   -49.2     6.7
1964.5417   -45.2     6.7
1964.6250   -45.0     6.7
1964.7083   -46.9     6.7
1964.7917   -49.7     6.7
1964.8750   -49.2     6.7
1964.9583   -46.1     6.8
1965.0417   -41.7     6.7
1965.1250   -37.2     6.7
1965.2083   -39.2     6.8
1965.2917   -42.4     6.7
1965.3750   -46.0     6.7
1965.4583   -45.1     6.6
1965.5417   -41.9     6.5
1965.6250   -38.4     6.5
1965.7083   -35.0     6.6
1965.7917   -36.6     6.6
1965.8750   -37.1     6.7
1965.9583   -38.7     6.7
1966.0417   -39.3     6.5
1966.1250   -41.3     6.5
1966.2083   -43.8     6.4
1966.2917   -45.9     6.5
1966.3750   -47.0     6.5
1966.4583   -47.3     6.5
1966.5417   -45.5     6.5
1966.6250   -45.1     6.5
1966.7083   -45.1     6.6
1966.7917   -46.5     6.6
1966.8750   -49.9     6.6
1966.9583   -47.7     6.6
1967.0417   -48.9     6.6
1967.1250   -48.6     6.6
1967.2083   -50.9     6.6
1967.2917   -49.3     6.5
1967.3750   -47.8     6.6
1967.4583   -43.0     6.5
1967.5417   -42.4     6.5
1967.6250   -40.4     6.5
1967.7083   -40.1     6.5
1967.7917   -39.4     6.5
1967.8750   -38.8     6.5
1967.9583   -38.5     6.6
1968.0417   -38.0     6.7
1968.1250   -40.4     6.7
1968.2083   -46.4     6.7
1968.2917   -51.4     6.7
1968.3750   -55.1     6.7
1968.4583   -53.7     6.7
1968.5417   -49.3     6.7
1968.6250   -41.9     6.7
1968.7083   -38.0     6.7
1968.7917   -34.4     6.7
1968.8750   -34.1     6.7
1968.9583   -35.8     6.9
1969.0417   -34.2     6.9
1969.1250   -35.6     6.9
1969.2083   -34.6     7.0
1969.2917   -35.8     7.0
1969.3750   -37.0     7.0
1969.4583   -37.5     7.0
1969.5417   -39.5     7.0
1969.6250   -37.3     7.0
1969.7083   -36.3     7.0
1969.7917   -34.9     7.0
1969.8750   -36.3     7.0
1969.9583   -37.8     7.0
1970.0417   -37.2     7.0
1970.1250   -36.0     7.0
1970.2083   -36.6     7.0
1970.2917   -39.5     6.9
1970.3750   -39.7     6.9
1970.4583   -39.4     6.9
1970.5417   -41.0     6.9
1970.6250   -40.3     7.0
1970.7083   -40.8     7.0
1970.7917   -37.1     7.0
1970.8750   -37.0     7.0
1970.9583   -35.5     7.0
1971.0417   -33.3     7.0
1971.1250   -30.1     7.0
1971.2083   -29.1     7.0
1971.2917   -29.8     6.9
1971.3750   -33.6     6.9
1971.4583   -36.1     6.9
1971.5417   -36.9     6.9
1971.6250   -34.9     6.9
1971.7083   -31.5     6.9
1971.7917   -31.9     6.9
1971.8750   -34.3     6.9
1971.9583   -36.0     6.9
1972.0417   -32.4     6.9
1972.1250   -27.6     6.9
1972.2083   -23.7     7.1
1972.2917   -23.0     7.1
1972.3750   -21.0     6.9
1972.4583   -18.6     6.9
1972.5417   -17.5     6.9
1972.6250   -21.5     6.9
1972.7083   -24.1     6.9
1972.7917   -26.3     6.9
1972.8750   -25.3     6.9
1972.9583   -26.9     6.9
1973.0417   -31.6     6.9
1973.1250   -32.0     6.9
1973.2083   -33.0     6.9
1973.2917   -30.1     6.9
1973.3750   -32.2     6.9
1973.4583   -31.1     6.8
1973.5417   -32.8     6.8
1973.6250   -32.8     6.8
1973.7083   -32.9     6.8
1973.7917   -30.0     6.8
1973.8750   -23.1     6.8
1973.9583   -18.3     6.8
1974.0417   -13.8     6.8
1974.1250   -14.9     6.8
1974.2083   -16.0     6.8
1974.2917   -15.8     6.8
1974.3750   -16.1     6.8
1974.4583   -16.7     6.8
1974.5417   -18.8     6.8
1974.6250   -20.5     6.8
1974.7083   -21.4     6.8
1974.7917   -22.2     6.8
1974.8750   -21.0     6.8
1974.9583   -20.2     6.8
1975.0417   -19.5     6.8
1975.1250   -18.6     6.8
1975.2083   -17.1     6.8
1975.2917   -18.4     6.7
1975.3750   -19.7     6.7
1975.4583   -21.8     6.7
1975.5417   -21.8     6.7
1975.6250   -20.4     6.7
1975.7083   -19.7     6.7
1975.7917   -19.1     6.7
1975.8750   -18.9     6.8
1975.9583   -21.1     6.8
1976.0417   -21.3     6.8
1976.1250   -24.1     6.8
1976.2083   -22.8     6.8
1976.2917   -21.6     6.8
1976.3750   -20.9     6.8
1976.4583   -18.8     6.8
1976.5417   -20.0     6.8
1976.6250   -21.9     6.8
1976.7083   -20.6     6.8
1976.7917   -21.0     6.7
1976.8750   -18.1     6.7
1976.9583   -17.9     6.7
1977.0417   -19.3     6.7
1977.1250   -22.0     6.7
1977.2083   -23.8     6.7
1977.2917   -26.0     6.7
1977.3750   -25.5     6.7
1977.4583   -24.9     6.6
1977.5417   -23.9     6.6
1977.6250   -23.2     6.6
1977.7083   -22.2     6.5
1977.7917   -21.5     6.5
1977.8750   -19.4     6.5
1977.9583   -16.7     6.6
1978.0417   -14.1     6.6
1978.1250   -10.4     6.6
1978.2083   -11.4     6.6
1978.2917   -11.7     6.6
1978.3750   -15.4     6.6
1978.4583   -16.9     6.6
1978.5417   -18.3     6.7
1978.6250   -16.7     6.7
1978.7083   -16.4     6.7
1978.7917   -16.1     6.7
1978.8750   -20.6     6.7
1978.9583   -23.6     6.7
1979.0417   -26.4     6.7
1979.1250   -25.3     6.7
1979.2083   -24.2     6.7
1979.2917   -24.5     6.7
1979.3750   -25.9     6.7
1979.4583   -25.5     6.7
1979.5417   -23.1     6.7
1979.6250   -18.3     6.7
1979.7083   -15.7     6.7
1979.7917   -13.3     6.7
1979.8750   -15.6     6.5
1979.9583   -13.4     6.5
1980.0417   -13.6     6.5
1980.1250   -12.5     6.5
1980.2083   -14.5     6.4
1980.2917   -14.2     6.5
1980.3750   -14.5     6.5
1980.4583   -15.1     6.5
1980.5417   -17.6     6.6
1980.6250   -19.4     6.6
1980.7083   -19.4     6.6
1980.7917   -17.6     6.6
1980.8750   -12.4     6.6
1980.9583    -8.3     6.6
1981.0417    -6.2     6.5
1981.1250    -5.2     6.5
1981.2083    -3.4     6.6
1981.2917    -2.4     6.6
1981.3750    -1.1     6.6
1981.4583    -0.6     6.5
1981.5417    -2.3     6.5
1981.6250    -1.5     6.4
1981.7083    -2.5     6.4
1981.7917    -0.4     6.4
1981.8750    -1.3     6.4
1981.9583    -2.8     6.4
1982.0417    -6.6     6.4
1982.1250    -7.7     6.4
1982.2083    -9.0     6.4
1982.2917   -11.5     6.4
1982.3750   -11.9     6.4
1982.4583   -13.1     6.3
1982.5417   -14.2     6.3
1982.6250   -12.8     6.3
1982.7083    -8.7     6.3
1982.7917    -3.1     6.2
1982.8750    -0.5     6.2
1982.9583     0.0     6.4
1983.0417     1.8     6.4
1983.1250     1.1     6.5
1983.2083     2.7     6.5
1983.2917     5.9     6.5
1983.3750     9.1     6.5
1983.4583     7.6     6.5
1983.5417     3.4     6.5
1983.6250    -4.3     6.4
1983.7083    -5.1     6.4
1983.7917    -8.1     6.5
1983.8750    -5.2     6.5
1983.9583    -7.3     6.5
1984.0417    -5.9     6.5
1984.1250    -4.7     6.5
1984.2083    -1.4     6.4
1984.2917    -0.6     6.3
1984.3750     0.4     6.3
1984.4583     2.6     6.3
1984.5417     2.2     6.3
1984.6250     3.6     6.3
1984.7083     1.4     6.3
1984.7917     0.5     6.3
1984.8750    -2.8     6.3
1984.9583    -4.8     6.4
1985.0417    -8.8     6.2
1985.1250    -7.9     6.2
1985.2083   -10.1     6.2
1985.2917   -10.1     6.2
1985.3750   -11.9     6.3
1985.4583   -11.5     6.3
1985.5417   -12.1     6.3
1985.6250   -13.8     6.3
1985.7083   -13.0     6.3
1985.7917   -12.3     6.3
1985.8750   -10.9     6.3
1985.9583   -10.6     6.3
1986.0417    -9.2     6.3
1986.1250    -8.1     6.3
1986.2083    -8.7     6.3
1986.2917    -8.9     6.3
1986.3750   -10.2     6.3
1986.4583    -9.4     6.3
1986.5417   -11.7     6.3
1986.6250   -10.9     6.3
1986.7083   -11.9     6.3
1986.7917   -12.3     6.3
1986.8750   -12.7     6.2
1986.9583   -11.5     6.2
1987.0417    -9.6     6.2
1987.1250    -6.9     6.2
1987.2083    -9.2     6.2
1987.2917   -10.8     6.3
1987.3750    -9.3     6.3
1987.4583    -7.7     6.3
1987.5417    -6.6     6.3
1987.6250   -11.9     6.3
1987.7083   -13.7     6.2
1987.7917   -15.1     6.2
1987.8750   -10.5     6.2
1987.9583    -7.0     6.3
1988.0417    -7.5     6.3
1988.1250    -6.2     6.2
1988.2083    -8.3     6.3
1988.2917    -6.6     6.3
1988.3750    -6.5     6.3
1988.4583    -5.0     6.3
1988.5417    -4.8     6.3
1988.6250    -3.2     6.3
1988.7083    -1.7     6.3
1988.7917    -1.0     6.3
1988.8750    -3.3     6.3
1988.9583    -7.8     6.4
1989.0417    -7.8     6.4
1989.1250    -6.4     6.3
1989.2083    -0.8     6.3
1989.2917    -0.0     6.3
1989.3750     0.5     6.3
1989.4583    -1.4     6.3
1989.5417    -1.1     6.3
1989.6250     0.6     6.4
1989.7083     1.9     6.4
1989.7917     2.2     6.4
1989.8750     2.7     6.4
1989.9583     1.0     6.4
1990.0417    -0.1     6.3
1990.1250    -3.1     6.3
1990.2083    -4.2     6.3
1990.2917    -3.6     6.3
1990.3750    -3.6     6.3
1990.4583     0.5     6.3
1990.5417     0.4     6.3
1990.6250     4.1     6.3
1990.7083     4.1     6.3
1990.7917     5.2     6.3
1990.8750     5.8     6.3
1990.9583     3.1     6.3
1991.0417     4.6     6.3
1991.1250     4.8     6.3
1991.2083     5.7     6.3
1991.2917     2.3     6.3
1991.3750     0.1     6.2
1991.4583    -0.3     6.3
1991.5417     1.5     6.2
1991.6250     3.9     6.3
1991.7083     4.8     6.3
1991.7917     5.7     6.3
1991.8750     6.2     6.3
1991.9583     5.8     6.4
1992.0417     8.3     6.4
1992.1250    10.3     6.4
1992.2083     8.9     6.3
1992.2917     7.7     6.4
1992.3750     4.7     6.4
1992.4583     5.4     6.4
1992.5417     3.7     6.4
1992.6250     3.7     6.4
1992.7083     4.8     6.4
1992.7917     8.1     6.4
1992.8750     7.2     6.3
1992.9583     5.9     6.4
1993.0417     3.9     6.4
1993.1250     5.0     6.4
1993.2083     6.6     6.4
1993.2917     8.8     6.4
1993.3750     9.2     6.4
1993.4583     5.1     6.4
1993.5417     1.6     6.4
1993.6250    -1.5     6.4
1993.7083    -4.6     6.4
1993.7917    -3.4     6.4
1993.8750    -4.6     6.4
1993.9583    -0.1     6.4
1994.0417     3.4     6.4
1994.1250     3.2     6.4
1994.2083     4.6     6.4
1994.2917     3.1     6.4
1994.3750     5.6     6.4
1994.4583     4.8     6.3
1994.5417     7.7     6.3
1994.6250     7.1     6.3
1994.7083     7.1     6.3
1994.7917     6.8     6.3
1994.8750     4.9     6.4
1994.9583     7.1     6.4
1995.0417     8.1     6.4
1995.1250     9.3     6.4
1995.2083    10.5     6.4
1995.2917     8.8     6.4
1995.3750     8.4     6.4
1995.4583     7.6     6.4
1995.5417     9.5     6.4
1995.6250     9.7     6.4
1995.7083    11.5     6.4
1995.7917    12.7     6.3
1995.8750    14.7     6.3
1995.9583    17.9     6.3
1996.0417    17.1     6.4
1996.1250    16.8     6.4
1996.2083    11.3     6.4
1996.2917     8.7     6.4
1996.3750     8.0     6.4
1996.4583     7.8     6.4
1996.5417    13.8     6.3
1996.6250    16.1     6.4
1996.7083    21.7     6.4
1996.7917    19.0     6.5
1996.8750    17.4     6.5
1996.9583    15.5     6.5
1997.0417    18.0     6.5
1997.1250    20.6     6.5
1997.2083    24.1     6.5
1997.2917    24.6     6.5
1997.3750    25.2     6.5
1997.4583    25.0     6.5
1997.5417    20.4     6.5
1997.6250    20.2     6.5
1997.7083    19.1     6.5
1997.7917    24.2     6.5
1997.8750    23.9     6.5
1997.9583    26.1     6.6
1998.0417    22.7     6.5
1998.1250    19.2     6.5
1998.2083    15.3     6.6
1998.2917    11.7     6.7
1998.3750    11.6     6.6
1998.4583    11.9     6.5
1998.5417    14.1     6.5
1998.6250    15.1     6.5
1998.7083    17.3     6.5
1998.7917    15.4     6.5
1998.8750    13.5     6.5
1998.9583    12.6     6.6
1999.0417    15.9     6.6
1999.1250    19.6     6.6
1999.2083    24.0     6.5
1999.2917    23.3     6.6
1999.3750    24.3     6.6
1999.4583    23.6     6.6
1999.5417    25.1     6.8
1999.6250    24.1     6.8
1999.7083    23.6     6.8
1999.7917    22.0     6.7
1999.8750    18.7     6.7
1999.9583    16.6     6.7
2000.0417    14.6     6.6
2000.1250    17.3     6.6
2000.2083    21.6     6.6
2000.2917    25.0     6.6
2000.3750    29.3     6.6
2000.4583    28.5     6.6
2000.5417    29.6     6.6
2000.6250    24.3     6.6
2000.7083    21.9     6.6
2000.7917    18.4     6.6
2000.8750    19.4     6.6
2000.9583    20.8     6.6
2001.0417    24.9     6.5
2001.1250    25.4     6.5
2001.2083    28.3     6.5
2001.2917    26.3     6.6
2001.3750    27.2     6.5
2001.4583    27.5     6.5
2001.5417    29.2     6.5
2001.6250    31.0     6.5
2001.7083    31.0     6.5
2001.7917    28.1     6.5
2001.8750    24.4     6.6
2001.9583    21.4     6.6
2002.0417    21.4     6.6
2002.1250    22.4     6.6
2002.2083    23.3     6.6
2002.2917    22.7     6.6
2002.3750    24.4     6.6
2002.4583    26.9     6.6
2002.5417    27.0     6.6
2002.6250    26.1     6.7
2002.7083    28.1     6.7
2002.7917    29.4     6.7
2002.8750    31.7     6.7
2002.9583    30.2     6.7
2003.0417    29.0     6.7
2003.1250    27.5     6.7
2003.2083    26.8     6.7
2003.2917    30.9     6.7
2003.3750    33.6     6.8
2003.4583    38.0     6.9
2003.5417    38.4     6.9
2003.6250    41.0     6.9
2003.7083    41.8     7.0
2003.7917    41.6     7.0
2003.8750    37.3     7.0
2003.9583    35.7     7.2
2004.0417    32.5     7.1
2004.1250    30.1     7.1
2004.2083    31.0     7.1
2004.2917    32.4     7.1
2004.3750    37.6     7.2
2004.4583    39.1     7.2
2004.5417    37.4     7.2
2004.6250    38.0     7.2
2004.7083    35.5     7.4
2004.7917    35.0     7.3
2004.8750    33.0     7.3
2004.9583    33.0     7.4
2005.0417    36.2     7.3
2005.1250    36.2     7.2
2005.2083    34.5     7.4
2005.2917    34.2     7.4
2005.3750    35.0     7.4
2005.4583    37.0     7.4
2005.5417    37.2     7.4
2005.6250    35.7     7.2
2005.7083    32.1     7.2
2005.7917    31.0     7.2
2005.8750    29.5     7.2
2005.9583    30.5     7.3
2006.0417    30.0     7.3
2006.1250    33.0     7.3
2006.2083    37.9     7.3
2006.2917    39.8     7.3
2006.3750    38.2     7.3
2006.4583    34.2     7.3
2006.5417    32.9     7.3
2006.6250    35.0     7.3
2006.7083    37.5     7.3
2006.7917    38.7     7.4
2006.8750    38.3     7.4
2006.9583    32.3     7.9
2007.0417    29.7     7.9
2007.1250    24.7     7.9
2007.2083    29.0     7.9
2007.2917    33.5     7.9
2007.3750    42.2     7.9
2007.4583    46.5     7.9
2007.5417    48.5     8.0
2007.6250    46.9     8.0
2007.7083    43.2     8.0
2007.7917    41.3     8.1
2007.8750    41.6     8.1
2007.9583    41.8     8.2
2008.0417    42.8     8.2
2008.1250    41.6     8.2
2008.2083    46.2     8.2
2008.2917    49.0     8.2
2008.3750    54.4     8.2
2008.4583    54.7     8.2
2008.5417    56.5     8.5
2008.6250    53.7     8.5
2008.7083    51.5     8.5
2008.7917    47.1     8.5
2008.8750    46.4     8.5
2008.9583    43.8     8.8
2009.0417    44.7     8.8
2009.1250    43.0     8.8
2009.2083    46.4     8.8
2009.2917    47.7     8.8
2009.3750    53.4     8.8
2009.4583    57.0     8.8
2009.5417    58.4     8.8
2009.6250    59.1     8.8
2009.7083    60.9     8.8
2009.7917    62.3     8.8
2009.8750    64.6     8.9
2009.9583    68.3     8.9
