1993.0417     0.9
1993.1250     2.5
1993.2083     2.2
1993.2917     4.0
1993.3750     2.0
1993.4583    -1.7
1993.5417     5.1
1993.6250     1.6
1993.7083    -0.2
1993.7917     3.2
1993.8750     0.2
1993.9583     6.0
1994.0417     4.5
1994.1250     1.0
1994.2083     7.2
1994.2917     7.1
1994.3750     4.9
1994.4583     6.7
1994.5417     5.5
1994.6250     5.6
1994.7083     3.3
1994.7917     5.7
1994.8750     5.6
1994.9583    14.6
1995.0417    10.0
1995.1250     7.3
1995.2083    14.1
1995.2917    11.4
1995.3750    10.8
1995.4583    12.1
1995.5417     6.9
1995.6250     9.6
1995.7083    13.7
1995.7917    15.6
1995.8750     9.7
1995.9583    17.4
1996.0417     8.5
1996.1250    17.6
1996.2083    13.4
1996.2917     9.2
1996.3750    15.5
1996.4583    12.5
1996.5417    12.6
1996.6250    14.8
1996.7083    11.2
1996.7917    16.8
1996.8750    11.8
1996.9583     8.4
1997.0417    11.5
1997.1250    11.4
1997.2083    18.7
1997.2917    15.8
1997.3750    18.6
1997.4583    19.9
1997.5417    21.3
1997.6250    18.1
1997.7083    22.4
1997.7917    20.2
1997.8750    24.5
1997.9583    16.7
1998.0417    21.0
1998.1250    23.3
1998.2083    24.5
1998.2917    18.8
1998.3750    24.2
1998.4583    23.7
1998.5417    18.4
1998.6250    18.4
1998.7083    19.6
1998.7917    18.6
1998.8750    18.6
1998.9583    17.6
1999.0417    17.7
1999.1250    26.5
1999.2083    20.7
1999.2917    22.6
1999.3750    18.0
1999.4583    20.9
1999.5417    20.6
1999.6250    17.7
1999.7083    18.2
1999.7917    28.4
1999.8750    16.9
1999.9583    26.0
2000.0417    24.2
2000.1250    23.7
2000.2083    23.8
2000.2917    18.1
2000.3750    21.6
2000.4583    23.3
2000.5417    22.0
2000.6250    24.5
2000.7083    22.7
2000.7917    27.9
2000.8750    23.3
2000.9583    27.6
2001.0417    33.4
2001.1250    28.3
2001.2083    29.5
2001.2917    28.0
2001.3750    27.5
2001.4583    28.3
2001.5417    30.0
2001.6250    28.3
2001.7083    31.7
2001.7917    28.3
2001.8750    33.2
2001.9583    30.0
2002.0417    33.0
2002.1250    35.1
2002.2083    31.0
2002.2917    31.6
2002.3750    32.5
2002.4583    31.8
2002.5417    34.6
2002.6250    37.6
2002.7083    32.9
2002.7917    35.2
2002.8750    33.6
2002.9583    34.5
2003.0417    37.1
2003.1250    38.2
2003.2083    36.5
2003.2917    34.5
2003.3750    38.1
2003.4583    32.6
2003.5417    36.8
2003.6250    33.2
2003.7083    38.1
2003.7917    36.3
2003.8750    37.5
2003.9583    35.8
2004.0417    42.5
2004.1250    36.1
2004.2083    40.7
2004.2917    39.6
2004.3750    37.3
2004.4583    37.4
2004.5417    41.5
2004.6250    37.6
2004.7083    41.7
2004.7917    38.7
2004.8750    39.3
2004.9583    43.5
2005.0417    42.0
2005.1250    44.1
2005.2083    45.0
2005.2917    43.9
2005.3750    42.3
2005.4583    44.9
2005.5417    43.9
2005.6250    43.7
2005.7083    43.0
2005.7917    44.2
2005.8750    46.3
2005.9583    49.8
2006.0417    43.3
2006.1250    47.2
2006.2083    43.9
2006.2917    45.9
2006.3750    44.8
2006.4583    47.3
2006.5417    45.4
2006.6250    46.1
2006.7083    46.4
2006.7917    47.3
2006.8750    46.1
2006.9583    49.9
2007.0417    44.8
2007.1250    47.5
2007.2083    46.7
2007.2917    50.3
2007.3750    46.8
2007.4583    45.4
2007.5417    44.1
2007.6250    45.5
2007.7083    44.6
2007.7917    45.2
2007.8750    50.7
2007.9583    46.4
2008.0417    50.8
2008.1250    47.5
2008.2083    51.6
2008.2917    47.4
2008.3750    53.7
2008.4583    50.4
2008.5417    53.9
2008.6250    49.0
2008.7083    51.4
2008.7917    51.5
2008.8750    54.8
2008.9583    52.3
2009.0417    55.8
2009.1250    51.9
2009.2083    56.2
2009.2917    53.9
2009.3750    54.2
2009.4583    52.4
2009.5417    54.6
2009.6250    53.7
2009.7083    57.2
2009.7917    57.8
2009.8750    56.7
2009.9583    58.2
