61.5385
61.5385
82.1293
83.1592
83.749
83.9911
83.3242
84.4941
83.7764
81.7829
83.3086
85.453
86.6773
87.1734
83.6644
82.2484
84.6811
83.2008
79.7506
77.6927
79.0154
83.4924
83.6227
81.1449
83.6091
82.0089
78.5546
80.7145
85.1253
88.4697
87.3145
83.7462
82.9962
84.853
85.5557
84.2051
83.8526
83.9379
82.903
83.401
82.8112
81.8102
82.6879
82.8087
84.4938
86.5696
87.1116
85.8681
86.6973
87.1678
84.1505
81.42
79.375
81.7066
80.3993
79.2849
82.8874
88.8674
89.8482
82.3681
75.913
79.4191
83.5927
82.841
84.1712
83.6777
83.7811
83.7812
82.4977
81.5318
82.6781
84.8581
84.0957
81.9521
81.1523
80.1114
78.3989
79.4087
82.4673
80.9768
82.6413
83.5395
81.5824
80.5726
81.6669
81.983
80.7815
81.847
84.8774
83.4099
80.2255
81.9227
82.4857
83.5043
80.9554
78.6063
79.0294
80.224
77.0028
80.4384
80.4384
85.4616
82.8701
82.8925
83.4386
84.1433
81.4462
80.1657
83.3304
84.6019
78.4967
78.0645
79.9435
80.7815
82.7597
82.6471
85.4542
80.3756
76.3167
80.9779
81.641
80.9889
82.1032
81.6697
81.8347
84.551
83.827
80.9935
83.5933
82.705
79.6609
80.2897
82.6706
85.4952
84.4929
81.5651
80.9523
81.1523
81.4062
80.2675
78.9614
80.124
82.1834
79.6319
77.7758
81.3893
82.09
79.9893
79.5429
81.2306
79.8759
77.1005
77.1005
77.1005
81.4223
80.9159
80.427
80.5079
81.1041
79.636
77.5271
82.565
81.4145
79.1619
81.7254
83.6621
86.8582
84.5487
81.3082
85.2268
83.8556
79.7678
77.3491
78.9356
82.7123
80.2933
78.7357
80.8968
80.5371
79.4353
80.7234
79.7837
80.412
82.5668
80.1632
81.517
81.3128
77.5016
78.5463
79.9132
78.5775
76.9091
77.4573
82.2419
85.0374
82.8399
83.1557
82.4432
79.1816
78.6554
78.8359
77.8873
77.3947
77.8194
81.8004
80.9207
80.0972
82.5709
81.468
78.917
77.6645
77.974
79.3797
80.6148
81.9149
81.6536
80.2774
76.8979
77.7916
77.7916
80.2076
77.4872
77.7948
75.9891
75.1318
79.5396
80.045
78.8797
81.5597
80.8246
79.6799
81.1205
82.804
82.6665
79.9248
79.4443
80.1816
80.4233
81.7841
81.1083
81.5067
82.8569
80.5596
77.9896
80.4856
80.3199
80.7864
81.2187
77.4931
79.1547
80.9815
78.4198
79.2879
80.6455
81.289
81.0599
81.2115
84.2605
84.7368
82.4391
78.7578
77.2143
79.4551
78.0688
77.3827
78.0181
79.9118
80.6584
78.1209
80.156
80.3067
81.2974
82.3776
80.6847
80.7728
81.1738
81.7713
80.66
80.9726
81.5325
79.5936
78.5797
78.5245
81.8048
82.8609
80.5219
81.4811
83.3701
81.8753
82.1789
81.849
78.5641
78.6368
76.776
75.6058
77.994
78.3669
81.1973
82.4353
80.9822
78.9556
77.8823
77.2309
78.5424
82.5612
84.5859
84.1117
84.1117
79.5376
82.2451
80.1475
79.9902
79.7638
79.6273
81.6192
79.755
78.5454
79.6217
77.5132
75.1761
78.0401
80.6814
78.2975
77.0728
75.0492
77.5409
81.8917
81.6662
84.5686
82.4152
78.3054
80.2375
81.6795
81.9423
83.2437
78.951
79.8254
82.56
82.2857
81.979
76.794
76.3308
74.9932
74.9033
78.858
78.4555
74.1191
75.9781
81.5947
82.9924
80.6901
78.4085
79.615
81.1976
80.5007
81.4212
79.6231
79.4312
80.8562
81.0828
81.6088
78.2478
78.0061
79.1746
77.6873
78.5371
79.6441
78.0029
80.6468
80.7813
78.9607
77.0664
79.8245
79.8791
78.6909
81.1503
79.0398
78.2549
76.8611
75.4871
75.2747
76.292
77.9369
75.438
78.8133
81.812
79.5421
82.3201
83.2421
79.3032
76.9005
77.61
77.358
77.4188
77.6847
79.9091
81.0558
81.1684
77.9738
77.1348
78.4446
74.6129
77.0396
78.7665
78.7088
78.2967
78.3925
79.9536
77.8053
