81.5217
81.5217
77.1875
77.1775
80.6828
79.9799
75.8886
76.1722
78.4855
77.6801
75.7748
76.5096
75.0652
73.7776
76.4871
78.7191
79.8639
81.0703
78.9702
77.7584
78.1222
78.6747
80.2647
79.7616
79.1319
78.96
78.0125
77.1815
79.8799
79.7857
75.4643
75.009
75.2903
75.8746
76.5874
76.0315
76.4396
76.8868
77.1889
76.4774
75.4801
76.4978
76.5486
76.4713
79.0735
79.7739
78.6377
77.0749
76.5601
80.3418
80.4935
77.3594
78.6413
81.136
82.5367
82.3504
81.3963
80.3836
79.4778
79.331
78.4154
75.7382
76.2987
77.7569
77.9594
77.6225
76.7789
78.2596
78.3957
77.9674
78.0115
78.4564
76.7564
76.3882
79.0312
77.9586
76.5014
77.5065
79.3945
79.424
77.3765
75.1189
73.3525
72.5226
71.0145
71.1576
71.1576
71.1576
71.1576
77.5392
74.2174
71.3523
71.684
71.2576
74.0317
76.0132
75.4521
76.4067
78.6059
78.8947
76.9055
76.3927
77.3416
77.2613
76.5538
75.8569
76.4591
76.7988
75.9588
76.1266
78.127
78.0205
76.7507
78.4552
80.9346
80.9346
80.9346
74.8183
76.9595
77.742
75.687
72.5325
73.0371
73.2017
72.2723
73.34
74.7672
77.2722
78.2628
77.3015
75.9417
75.8091
76.3017
74.9625
75.2239
77.977
78.8661
77.9184
76.8669
75.5191
75.2175
73.0682
71.5859
73.9801
76.8737
78.6909
81.7535
84.8022
84.4817
82.2793
79.7841
78.2789
75.3821
73.5882
73.4699
71.4773
71.4653
73.0146
73.4907
74.7958
73.0229
73.0229
68.8587
69.921
67.0225
68.4148
71.4715
73.5489
72.4696
73.7672
76.8313
74.2296
72.7577
74.7754
77.2907
74.5109
69.9271
70.0697
71.0819
74.1413
73.4837
69.8956
70.0226
69.9362
69.8896
70.751
71.5056
73.268
74.3031
71.3218
70.2065
70.8318
70.5394
68.5955
68.0357
72.5895
77.3262
78.9994
74.8773
70.6769
70.5335
71.6011
73.4153
71.3059
69.1435
69.83
69.1119
68.4584
67.3489
66.1386
66.5151
69.575
73.0842
74.0269
72.2359
70.062
69.5785
73.107
75.2453
73.075
74.9285
73.4223
73.4223
68.069
69.0024
70.3362
73.5532
74.0352
73.6416
78.6199
80.025
76.1443
74.0946
70.9824
66.8572
64.8809
66.689
69.5315
71.6725
71.6725
71.6725
71.2137
68.8732
69.8363
69.7277
71.0427
72.045
70.6362
70.5393
73.945
75.5516
73.9005
70.4002
69.0488
69.5169
70.1748
72.5662
74.0617
72.3511
71.458
72.7916
74.9047
75.2986
72.4219
71.2898
70.2439
69.549
69.1401
69.1598
69.7615
69.5609
70.5754
71.1278
71.0438
72.096
71.8859
71.5173
72.9321
73.8701
73.464
72.13
72.0552
72.4402
73.9173
75.2027
74.7617
76.1072
74.8495
72.0047
72.1718
71.5744
70.5458
68.9971
67.2856
67.1042
68.685
70.4338
70.3716
72.1705
73.5979
71.3108
70.2388
71.0327
71.0327
71.0327
71.0327
71.0327
71.0327
71.0327
71.0327
71.0327
83.2433
77.9546
71.6629
71.9394
71.4819
75.9678
77.3089
71.6095
69.2245
68.7875
69.0633
69.9118
71.3581
72.2864
71.6639
69.742
68.7339
68.3772
68.7248
70.7632
69.8873
68.0613
69.1667
75.0291
79.8572
73.8287
68.0566
69.4389
70.921
70.1369
68.5809
66.5999
66.7002
70.4556
71.4865
69.5286
68.2725
70.1411
71.8109
69.7905
66.809
65.285
67.0823
70.0788
70.1611
67.5648
68.0251
71.7749
73.3717
73.074
73.9616
71.9033
71.1476
74.0073
75.9438
75.3615
69.4676
66.6961
67.4531
66.3346
66.7949
68.6265
70.4409
70.7682
69.4713
70.0782
71.602
72.8621
70.2969
70.2969
65.124
70.8047
73.1852
71.3344
71.2399
74.1235
73.1925
70.132
67.5388
65.2123
65.3908
66.9762
69.3423
70.891
69.5415
70.3382
72.5285
71.1653
69.4044
67.1207
66.8598
68.3596
68.25
69.0087
71.25
75.3835
75.2432
72.3148
69.3538
67.2602
69.0056
69.5354
69.7541
69.056
67.9522
68.2598
67.8472
67.7061
69.3214
69.5516
66.2497
67.8441
71.2337
70.4776
70.4776
70.4776
70.4776
71.2585
68.0973
68.1186
67.0756
67.1847
68.09
71.5023
73.631
74.8485
77.1639
74.1824
68.8876
67.7668
67.3564
67.1425
68.415
69.6537
69.2594
66.394
65.7553
67.697
67.3825
67.9064
67.4629
65.7225
66.1337
66.35
67.2461
67.2461
67.2461
70.1028
64.7462
64.2683
64.2683
64.2683
64.2683
67.7809
67.6715
69.1579
69.344
69.4999
68.1577
66.9001
66.3816
66.3351
68.1482
68.0617
66.5193
65.9258
68.8581
68.8581
68.8581
78.1534
76.2835
74.1101
69.8979
65.2408
64.3448
65.6716
63.9981
62.639
63.1833
69.6628
69.1614
66.8303
67.5694
64.6679
66.0805
65.9907
64.5993
64.5138
69.6584
69.6584
69.6584
75.395
71.9491
74.031
77.1329
78.6365
74.6767
71.0212
67.3277
65.1242
67.5211
69.3213
69.5685
71.7275
74.1936
74.0852
71.6542
71.0376
73.8704
73.3913
72.5063
74.4055
71.9459
67.4645
66.6342
68.1411
68.7555
67.5295
66.0833
65.3071
65.3071
65.3071
71.4957
69.1826
63.9891
61.9042
64.4151
67.0029
72.5155
73.2538
72.8854
72.8854
72.8854
72.8854
76.0623
71.4916
69.1799
68.0347
67.0799
67.0458
66.2314
64.6795
64.8382
66.502
68.042
69.6279
69.8348
68.9506
69.1133
69.2823
68.2947
67.5639
73.6185
76.3773
71.7398
70.1895
71.0811
71.0788
70.108
69.6672
68.8946
70.6573
73.7258
71.3393
66.8277
67.0236
69.8597
69.9688
70.5581
72.6886
70.8976
67.9322
67.0281
66.0305
66.63
65.8779
66.1661
68.457
69.151
70.621
71.5459
72.166
71.2282
67.5492
65.2464
66.3789
68.3138
69.0986
69.3021
68.9023
70.8975
70.0995
66.7489
65.8319
64.3511
65.911
69.3599
68.7588
68.9262
69.5601
70.0473
72.0497
72.0497
72.0497
67.7103
69.6922
75.0632
75.0632
75.0632
77.1138
72.5603
71.6007
68.9246
66.6323
66.6485
68.0435
69.6134
69.1668
72.4819
78.7738
79.649
75.7219
72.9023
76.4317
77.162
73.9431
72.2508
70.2816
72.5604
72.2772
70.9563
74.1265
73.0409
69.1859
66.0515
65.719
68.2845
69.1457
70.5237
72.4326
74.2756
75.6127
72.5134
68.2401
66.317
65.6822
65.7314
66.0837
66.7032
68.0644
69.9068
70.5681
70.3788
69.3941
69.0189
71.8614
73.3434
75.3805
73.5925
69.2819
70.1489
68.5734
68.5734
68.5734
68.5734
68.5734
74.7178
68.4184
67.7514
70.0975
70.5093
69.8629
70.1163
68.4124
65.6109
65.6747
68.4205
67.6886
65.6115
66.2172
67.9726
67.1278
68.1304
70.4117
70.3921
71.4209
69.8603
67.1587
68.3362
70.2214
70.8586
73.2464
76.9443
76.9443
76.9443
76.9443
85.7433
79.0962
76.4821
76.6625
74.073
70.9465
70.5791
70.3508
72.8549
72.8673
71.3836
75.082
77.5043
75.7991
69.8238
