15.495
15.495
96.335
96.466
96.4648
96.5412
96.5486
96.5683
96.4072
96.4245
96.8061
96.96
96.9084
97.0865
97.0045
96.7871
96.8599
96.8592
96.8776
96.8988
96.9502
97.0995
97.0452
96.8046
96.6674
96.675
96.7143
96.813
96.7282
96.4779
96.3053
96.3053
96.4779
96.6864
96.5871
96.2482
96.2185
96.6051
96.8589
96.9458
96.9955
96.5946
96.6279
96.9707
97.0544
96.9523
96.7466
96.411
96.2801
96.5444
96.6139
96.7665
96.7424
96.6652
96.9358
96.8562
96.72
96.7536
96.68
96.7531
97.0124
97.108
97.1291
97.0786
97.1973
97.3213
97.0771
97.0893
97.12
97.2118
97.0315
96.7623
97.0156
97.1969
97.1233
96.9
96.7501
96.8441
96.8773
96.501
96.5089
96.8133
96.9039
96.9555
97.1051
97.0979
96.8949
96.9733
96.8667
96.6
96.7239
96.9867
96.8627
97.0145
97.3844
97.1591
97.1108
97.1592
96.9933
96.9731
96.8433
96.6807
96.7357
96.7467
96.7845
97.0151
97.1793
97.2723
97.1116
97.1402
100.071
99.9525
97.1369
97.0113
96.9459
97.0045
96.9344
97.008
97.0227
97.1405
97.3091
96.8243
96.45
96.8768
97.0714
96.9013
96.9777
96.9198
96.6842
96.5998
96.48
96.4959
96.7553
96.8634
96.8963
97.1937
97.4202
97.3439
97.2837
97.2239
96.9717
96.8122
96.7703
96.969
97.0687
96.9637
97.1497
97.2013
96.9242
96.92
97.194
97.1564
97.0993
96.6598
96.0683
96.2383
96.7009
96.9777
97.3167
97.5339
97.3311
97.1845
97.3501
97.4419
97.2945
97.3781
97.4135
97.3351
97.5496
97.4694
97.3135
97.1449
97.1116
97.3194
97.3551
97.1652
96.989
97.0179
96.8272
96.7463
96.92
96.8727
96.6897
96.7029
97.0767
97.1695
96.9459
97.0755
97.3453
97.4826
97.494
97.4237
97.5598
97.7647
97.9297
97.85
97.8394
97.7951
97.7538
97.7665
97.5
97.2877
97.5554
97.8409
97.9412
97.6147
97.3595
97.6836
97.6682
100.372
100.112
97.2567
97.3259
97.2724
97.1048
96.9958
97.2099
97.475
97.5729
97.3575
97.2558
97.2896
97.3506
97.3352
97.2253
97.39
97.0702
97.009
97.2933
96.7505
96.8441
97.0791
96.7878
96.9521
97.0371
96.7075
96.7097
96.9606
97.1455
97.169
97.2388
97.3058
97.1828
97.1652
97.3318
97.4179
97.4126
97.44
97.157
97.1465
97.0816
97.072
97.3364
97.4366
97.65
97.6313
97.1722
97.022
97.0827
96.7715
96.7784
97.1867
96.9982
96.9333
97.16
97.1608
97.1365
96.956
96.9388
97.2484
97.5014
97.5081
97.3839
97.5795
97.7811
97.5929
97.4384
97.3871
97.1651
96.8769
96.9654
97.197
97.2147
97.1185
97.1558
97.2282
97.3125
97.4236
97.353
97.1715
97.0302
97.0728
97.1498
97.2892
97.4045
97.2638
97.0982
97.4152
97.5587
97.3583
97.2511
97.1526
97.2646
97.2676
97.3407
97.3601
97.3125
97.4126
97.3692
97.2794
97.2511
97.2949
97.348
96.9234
96.7602
97.1704
97.3384
97.4166
97.726
97.6398
97.3014
97.3427
97.197
97.3044
97.4459
97.3584
97.2258
96.9894
96.92
96.8267
99.68
99.4309
99.52
99.8628
97.042
96.9329
96.6964
96.6466
96.9428
97.1384
96.9326
97.1869
97.5208
97.5229
97.4385
97.0742
97.2818
97.4182
97.1753
97.2808
97.3809
97.3115
97.2933
97.3641
97.558
97.5229
97.275
97.4108
97.5223
97.4879
97.3618
97.3125
97.4625
97.518
97.3709
97.3587
97.3048
97.219
97.0225
97.0968
97.3059
97.4403
97.6164
97.4795
97.3014
97.2608
97.2228
97.028
97.058
